364 229 395 264 64 0.983601 
408 318 440 355 64 0.99789 
170 295 370 344 66 0.997356 
180 293 359 347 66 0.993401 
134 112 450 281 62 0.992893 
260 225 622 480 56 0.991503 
337 188 639 476 0 0.92235 
398 69 634 179 66 0.999857 
122 33 301 146 63 0.971353 
298 0 332 61 39 0.856502 
396 4 621 85 62 0.847986 
474 93 631 199 63 0.727207 
0 184 87 269 2 0.937283 
0 153 64 267 2 0.903631 
0 163 87 295 2 0.954704 
143 31 307 242 7 0.701413 
154 112 317 302 2 0.75313 
455 227 533 309 67 0.825696 
379 194 629 403 56 0.852831 
495 99 640 393 56 0.974742 
476 110 640 374 56 0.930708 
193 142 337 295 2 0.93346 
197 168 369 342 2 0.772272 
454 278 495 319 64 0.989131 
113 211 277 371 61 0.941451 
189 224 370 440 61 0.942343 
73 229 105 300 39 0.939997 
326 226 508 470 61 0.959718 
186 232 214 306 39 0.904786 
428 220 639 464 61 0.957605 
300 207 326 285 39 0.949739 
348 225 530 457 61 0.97834 
220 217 248 290 39 0.933508 
437 253 640 470 61 0.964603 
306 237 333 313 39 0.897792 
530 253 639 471 61 0.917596 
364 216 387 296 39 0.880579 
444 188 633 432 61 0.984164 
166 230 344 431 61 0.993266 
34 237 71 310 39 0.929271 
92 235 124 299 39 0.8473 
51 71 139 219 56 0.923572 
181 137 264 256 56 0.998325 
53 116 145 229 56 0.991129 
1 189 160 457 57 0.957839 
13 179 346 463 57 0.987913 
5 187 329 461 57 0.974819 
447 106 634 435 62 0.928154 
285 248 479 478 56 0.974005 
213 148 311 327 56 0.987288 
236 168 446 356 60 0.973703 
410 154 556 365 56 0.89044 
425 0 634 472 72 0.999535 
109 110 294 372 69 0.982202 
266 27 441 124 68 0.996935 
263 149 456 411 69 0.984922 
8 229 164 344 71 0.87028 
499 22 636 386 0 0.937663 
536 47 640 474 0 0.86809 
471 49 639 435 0 0.942595 
330 21 640 467 0 0.97286 
433 22 634 476 0 0.875754 
